0 1
1 000100001111110100000000011111111111111111111111111111111111111111111111111111110
2 000100001111110100000000011111111111111111111111111111111111111111111111111111111
3 0000
4 0010
5 000110011
6 000100001111111100000000000111111111111111111111111111111111111111111111111111100
7 0011
8 000101
9 0001101
10 0001001
11 00011000
12 00010001
13 0001000011111110
14 000100001111111100000000000111111111111111111111111111111111111111111111111111101
15 000111
16 0001100100
17 0001000010
18 00011001010
19 00010000110
20 000110010110
21 000100001110
22 0001100101110
23 0001000011110
24 00011001011110
25 00010000111110
26 000110010111110
27 0001100101111111
28 0001100101111110
29 000100001111111100000000001
30 00010000111111010000000001111111111111111111111011111111111111111111111111111100
31 000100000
32 00010000111111011
33 00010000111111001
34 000100001111111101
35 000100001111110101
36 000100001111110001
37 0001000011111111001
38 0001000011111101001
39 0001000011111100001
40 00010000111111110001
41 00010000111111010001
42 00010000111111000001
43 000100001111111100001
44 000100001111110100001
45 000100001111110000001
46 0001000011111111000001
47 0001000011111101000001
48 0001000011111100000001
49 00010000111111110000001
50 00010000111111010000001
51 00010000111111000000001
52 000100001111111100000001
53 000100001111110100000001
54 000100001111110000000001
55 0001000011111111000000001
56 0001000011111101000000001
57 0001000011111100000000001
58 00010000111111110000000001
59 00010000111111010000000000
60 00010000111111000000000001
61 000100001111111100000000000111111111111111111110
62 00010000111111010000000001111111111111111111111011111111111111111111111111111101
63 00010000111111111
64 000100001111110000000000000
65 0001000011111111000000000000
66 0001000011111101000000000110
67 0001000011111100000000000010
68 00010000111111110000000000010
69 00010000111111010000000001110
70 00010000111111000000000000110
71 000100001111111100000000000110
72 000100001111110100000000011110
73 000100001111110000000000001110
74 0001000011111111000000000001110
75 0001000011111101000000000111110
76 0001000011111100000000000011110
77 00010000111111110000000000011110
78 00010000111111010000000001111110
79 00010000111111000000000000111110
80 000100001111111100000000000111110
81 000100001111110100000000011111110
82 000100001111110000000000001111110
83 0001000011111111000000000001111110
84 0001000011111101000000000111111110
85 0001000011111100000000000011111110
86 00010000111111110000000000011111110
87 00010000111111010000000001111111110
88 00010000111111000000000000111111110
89 000100001111111100000000000111111110
90 000100001111110100000000011111111110
91 000100001111110000000000001111111110
92 0001000011111111000000000001111111110
93 0001000011111101000000000111111111110
94 0001000011111100000000000011111111110
95 00010000111111110000000000011111111110
96 00010000111111010000000001111111111110
97 00010000111111000000000000111111111110
98 000100001111111100000000000111111111110
99 000100001111110100000000011111111111110
100 000100001111110000000000001111111111110
101 0001000011111111000000000001111111111110
102 0001000011111101000000000111111111111110
103 0001000011111100000000000011111111111110
104 00010000111111110000000000011111111111110
105 00010000111111010000000001111111111111110
106 00010000111111000000000000111111111111110
107 000100001111111100000000000111111111111110
108 000100001111110100000000011111111111111110
109 000100001111110000000000001111111111111110
110 0001000011111111000000000001111111111111110
111 0001000011111101000000000111111111111111110
112 0001000011111100000000000011111111111111110
113 00010000111111110000000000011111111111111110
114 00010000111111010000000001111111111111111110
115 00010000111111000000000000111111111111111110
116 000100001111111100000000000111111111111111110
117 000100001111110100000000011111111111111111110
118 000100001111110000000000001111111111111111110
119 0001000011111111000000000001111111111111111110
120 0001000011111101000000000111111111111111111110
121 0001000011111100000000000011111111111111111110
122 00010000111111110000000000011111111111111111110
123 00010000111111000000000000111111111111111111111
124 00010000111111000000000000111111111111111111110
125 00010000111111110000000000011111111111111111111111111111111111111111111111111111
126 00010000111111010000000001111111111111111111111011111111111111111111111111111110
127 000100001111110100000000010
128 000100001111110100000000011111111111111111111100
129 0001000011111111000000000001111111111111111111110
130 0001000011111101000000000111111111111111111111110
131 0001000011111101000000000111111111111111111111100
132 0001000011111101000000000111111111111111111111010
133 00010000111111110000000000011111111111111111111110
134 00010000111111010000000001111111111111111111111110
135 00010000111111010000000001111111111111111111111010
136 00010000111111010000000001111111111111111111110110
137 000100001111111100000000000111111111111111111111110
138 000100001111110100000000011111111111111111111111110
139 000100001111110100000000011111111111111111111110110
140 000100001111110100000000011111111111111111111101110
141 0001000011111111000000000001111111111111111111111110
142 0001000011111101000000000111111111111111111111111110
143 0001000011111101000000000111111111111111111111101110
144 0001000011111101000000000111111111111111111111011110
145 00010000111111110000000000011111111111111111111111110
146 00010000111111010000000001111111111111111111111111110
147 00010000111111010000000001111111111111111111111011110
148 00010000111111010000000001111111111111111111110111110
149 000100001111111100000000000111111111111111111111111110
150 000100001111110100000000011111111111111111111111111110
151 000100001111110100000000011111111111111111111110111110
152 000100001111110100000000011111111111111111111101111110
153 0001000011111111000000000001111111111111111111111111110
154 0001000011111101000000000111111111111111111111111111110
155 0001000011111101000000000111111111111111111111101111110
156 0001000011111101000000000111111111111111111111011111110
157 00010000111111110000000000011111111111111111111111111110
158 00010000111111010000000001111111111111111111111111111110
159 00010000111111010000000001111111111111111111111011111110
160 00010000111111010000000001111111111111111111110111111110
161 000100001111111100000000000111111111111111111111111111110
162 000100001111110100000000011111111111111111111111111111110
163 000100001111110100000000011111111111111111111110111111110
164 000100001111110100000000011111111111111111111101111111110
165 0001000011111111000000000001111111111111111111111111111110
166 0001000011111101000000000111111111111111111111111111111110
167 0001000011111101000000000111111111111111111111101111111110
168 0001000011111101000000000111111111111111111111011111111110
169 00010000111111110000000000011111111111111111111111111111110
170 00010000111111010000000001111111111111111111111111111111110
171 00010000111111010000000001111111111111111111111011111111110
172 00010000111111010000000001111111111111111111110111111111110
173 000100001111111100000000000111111111111111111111111111111110
174 000100001111110100000000011111111111111111111111111111111110
175 000100001111110100000000011111111111111111111110111111111110
176 000100001111110100000000011111111111111111111101111111111110
177 0001000011111111000000000001111111111111111111111111111111110
178 0001000011111101000000000111111111111111111111111111111111110
179 0001000011111101000000000111111111111111111111101111111111110
180 0001000011111101000000000111111111111111111111011111111111110
181 00010000111111110000000000011111111111111111111111111111111110
182 00010000111111010000000001111111111111111111111111111111111110
183 00010000111111010000000001111111111111111111111011111111111110
184 00010000111111010000000001111111111111111111110111111111111110
185 000100001111111100000000000111111111111111111111111111111111110
186 000100001111110100000000011111111111111111111111111111111111110
187 000100001111110100000000011111111111111111111110111111111111110
188 000100001111110100000000011111111111111111111101111111111111110
189 0001000011111111000000000001111111111111111111111111111111111110
190 0001000011111101000000000111111111111111111111111111111111111110
191 0001000011111101000000000111111111111111111111101111111111111110
192 0001000011111101000000000111111111111111111111011111111111111110
193 00010000111111110000000000011111111111111111111111111111111111110
194 00010000111111010000000001111111111111111111111111111111111111110
195 00010000111111010000000001111111111111111111111011111111111111110
196 00010000111111010000000001111111111111111111110111111111111111110
197 000100001111111100000000000111111111111111111111111111111111111110
198 000100001111110100000000011111111111111111111111111111111111111110
199 000100001111110100000000011111111111111111111110111111111111111110
200 000100001111110100000000011111111111111111111101111111111111111110
201 0001000011111111000000000001111111111111111111111111111111111111110
202 0001000011111101000000000111111111111111111111111111111111111111110
203 0001000011111101000000000111111111111111111111101111111111111111110
204 0001000011111101000000000111111111111111111111011111111111111111110
205 00010000111111110000000000011111111111111111111111111111111111111110
206 00010000111111010000000001111111111111111111111111111111111111111110
207 00010000111111010000000001111111111111111111111011111111111111111110
208 00010000111111010000000001111111111111111111110111111111111111111110
209 000100001111111100000000000111111111111111111111111111111111111111110
210 000100001111110100000000011111111111111111111111111111111111111111110
211 000100001111110100000000011111111111111111111110111111111111111111110
212 000100001111110100000000011111111111111111111101111111111111111111110
213 0001000011111111000000000001111111111111111111111111111111111111111110
214 0001000011111101000000000111111111111111111111111111111111111111111110
215 0001000011111101000000000111111111111111111111101111111111111111111110
216 0001000011111101000000000111111111111111111111011111111111111111111110
217 00010000111111110000000000011111111111111111111111111111111111111111110
218 00010000111111010000000001111111111111111111111111111111111111111111110
219 00010000111111010000000001111111111111111111111011111111111111111111110
220 00010000111111010000000001111111111111111111110111111111111111111111110
221 000100001111111100000000000111111111111111111111111111111111111111111110
222 000100001111110100000000011111111111111111111111111111111111111111111110
223 000100001111110100000000011111111111111111111110111111111111111111111110
224 000100001111110100000000011111111111111111111101111111111111111111111110
225 0001000011111111000000000001111111111111111111111111111111111111111111110
226 0001000011111101000000000111111111111111111111111111111111111111111111110
227 0001000011111101000000000111111111111111111111101111111111111111111111110
228 0001000011111101000000000111111111111111111111011111111111111111111111110
229 00010000111111110000000000011111111111111111111111111111111111111111111110
230 00010000111111010000000001111111111111111111111111111111111111111111111110
231 00010000111111010000000001111111111111111111111011111111111111111111111110
232 00010000111111010000000001111111111111111111110111111111111111111111111110
233 000100001111111100000000000111111111111111111111111111111111111111111111110
234 000100001111110100000000011111111111111111111111111111111111111111111111110
235 000100001111110100000000011111111111111111111110111111111111111111111111110
236 000100001111110100000000011111111111111111111101111111111111111111111111110
237 0001000011111111000000000001111111111111111111111111111111111111111111111110
238 0001000011111101000000000111111111111111111111111111111111111111111111111110
239 0001000011111101000000000111111111111111111111101111111111111111111111111110
240 0001000011111101000000000111111111111111111111011111111111111111111111111110
241 00010000111111110000000000011111111111111111111111111111111111111111111111110
242 00010000111111010000000001111111111111111111111111111111111111111111111111110
243 00010000111111010000000001111111111111111111111011111111111111111111111111110
244 00010000111111010000000001111111111111111111110111111111111111111111111111110
245 000100001111111100000000000111111111111111111111111111111111111111111111111110
246 000100001111110100000000011111111111111111111111111111111111111111111111111110
247 000100001111110100000000011111111111111111111110111111111111111111111111111110
248 000100001111110100000000011111111111111111111101111111111111111111111111111110
249 0001000011111111000000000001111111111111111111111111111111111111111111111111110
250 0001000011111101000000000111111111111111111111111111111111111111111111111111110
251 0001000011111101000000000111111111111111111111011111111111111111111111111111110
252 0001000011111101000000000111111111111111111111011111111111111111111111111111111
253 00010000111111010000000001111111111111111111111111111111111111111111111111111110
254 00010000111111010000000001111111111111111111111011111111111111111111111111111111
255 01
